NJ C) (3 l& 13 IJ' Ι. ζ) Ῑὶ. [J FUI-

agebantur 139, 7

,agebat 102, 8. 137, 2. 146,
15. 152, 11

agenda 222, ¹7

agendarum 148, 24

agendi 19, 9

agendo 472 ¹5

agendum 137, 13. 160, 19

agens 201,1

agente 201, 8

agentes 136, 3

agentis 177, 22

ager 75, 11. 103, 22. 107,
13. 109, 23. 120, 11.
125, 26. 137, 10. 174,
1

agere 5, 4. 32, 1. 33, 24.
52,21. 59, 16. 62, 11.
(9σῆὐὶ-

agerent 30, 17

agerentur 181, 10

ageret 104, 9. 107, 7. 114.
26

ages 225, 23

agetis 46, 17

agetur 219, 20

aggerem 94, 21·
1

agge-{ibus 139, 5

aggrederetur 34,14· 126, 5

aggredi 111, 7.136, 16.
209, 27

aggrediantur 84, 9

aggredimini 52, 20

aggreditur 55, 7. 8ο,
93,6.102,14.109,
112, 8. 113, 1, 17. 117,
6. 123, 25. 135, 13.
138, 20

aggrediuntur 118, 13

aggressos 16,15

aggreffus 64,16. 74, 13.
127,10.1ῑ6,3

agi 83, 21. 106, 15

agis 228, 13

agit 38, 13. 62, 19. 108,
7· Ι5323

agitabamus 70, 7

agitabant 8, 21. 77, 5.
109, 21

agitabantur 56, 4. 85, 11

agitabat 36, 12. 66, 6. 114,
25. 115, 8. 219,2

agitabatur 2, 11. 5, 22. 82,
23. 86, 3. 94, 9. 98,
8. 123, 7

agitandi 161, 8

124, 18,

10· agnoturum

agitando 34, 1. 128, 4

agitandum 211, 6

agitant 218, 1

ag²tanti 22, 7. 49, 2. 216,
¹3

agitantur 223, 10

agitare 20, 12, 21. 51, 16.
78,10. 92,23. 112, 7,
26. 118, 2. 133, 5.
¹4¹2 5· 144, ¹4

agitarem 69, 2

agitaret 108, 11. 139 14.

agitari 83, 17. 86, 5. 107,
14. 121, 2. 222, 28

agitat 166, 2. 178, 13.
216, 6. 222, 34

agitata 126, 13

agitatis 212, 19

agii-tum 158 13

ag {tarmus 158, 3

agitaverat 170,19

ae E,[·iaxe⁶:re 31,13

agitavi 17, 7. 222, 19

εὲὶωνιὶῖε 155, 12. 203, 17

agite 168, 7. 197, 21

agites 211, 14

agitis 177, 10. 182, 10

agitur 45, 6, 13

agmen 105, 4, 18

agmine 101, 27. 102, 3,
23.105‚ 27.113, 2.
134,17.142,15. 145,
14.163, 1. 186, 27

agnita 225, 19

¹74› Ι5

8, agnor 25, 15

agreste 6, :0- 170, 8
agrestesque 122, 13
agrestia 192, 26
agrestibus 185, 16
agrestium 77, 1
agri 108, 14. 189, 12
agris 6,15 30,18. 76,
μ. 102,20. 123, 27.
“ 163,6. 203, 19. 219, 7
agro 29³ 9· 53› 22· 5¹, ¹4-
74, 14. 109,13. 158,
16. 176, 20. 189,6
agros 9, 19. 22,21. 61, 21.
76, 14. 79, 26. 101, 16.
108, 22. 119, 14. 178,
2ο. 191,11. 201,20.
203, 1. 221, 26
agrum 5, 3. 22, 1. 23, 13.
34, 7. 51, 12. 114, 3.
135> ¹¹
agunt 41, 10, 12. 58, 15.

131, 19 .
aguntur 39, ιο. 208, 6
aiebam 37,17. 38, 10. 43,
ai: ’91.6ῗ,718 Ι14653,255. 167,

2, 23. 204, 23. 205, 13.

Ξοὸ, 10. 207, 30. 209,

aunt 133,18
2“3ε11 'obu 199, 27
alacris 19,1 713

a 'ae 105,

Albini 131, 14

Aibino 93, 7. 101, 2. 125,

Αζζὶηιιῐη 94, 4

Albinus 92, 18. 93, 18.
94, 7. 96, 9. 101, 10

alebat 11, 22. 3ο, 20

Aiexandro 186, 19

algoris 5, 15

alia 12, 12. 13, 1ο. 14,
14. 18, 12. 19, 4. 21,
6. 22, 10. 25, 2. 36,
¹0· 572 ¹3· 4¹, 9· 44³ 2,
15 &alibipaſjim.

³1³.ae41, 13. 78, 2, 8

aliaeque 44, 2. 158, 12

amm 136, 17. 138, 2ο,
Εἲῗ alibi.

aliaque 26, 2. 31, 19. 48,
16· 592 9· 84. ⁴- 93›
19. 942 20. 117, 21

aliarum 3¹²4· 52, 10. 169,
1

alia3³ 62, 11. 66, 15. 67,
26. 94, 1. 203, 24.
221, 25

aliaique 57‚8. 78, 1

alibi 55, 6

alicujus 43, 11

aliena 7, 6. 10,11. 3ο, 4.
33, 8. 42, 4. 43, 20.
45, 18. 58, 3. 132, 7.
161, 21. 167, 2. 213, 3.
211, 24. 223, 9. 234,

ειῐῖκῖηῖε 18, 3. 197. 5

:dimam 128, 19. 121, 26.

alienas 52, 22. 69, 2ο.
215, 16. 219, 8

anenata ¹03› 22. 224, 24

alienati 118, 4

alienatum 29, 4

εἱῐειή 5, 17. 26, 14

alienis 73, 2. 109, 4. 212,
11

alieno

