nsscm 32, ¹7· 53, 7. 73,

. ,7 ,

alienos 65, 11

alienum 11, 20. 13, 15.
18, 14. 20, 27. 29, 1.Ὶ
33, 14. 51, 7. 65, 14

ani 2, 10. 3, 12. 16, 14.
19, 20. 23, 10, 11. 30,
12. 31, 13, 17, 26. 38,
9.44, 12. 48, 12, 20.
49Ξ 12. 51, 1. 56, 2, {9²
albi.

aliique 37, 23- 127, 1. 146,
1εο, 175, 20 .

zliis 8, 9, 29. 12, 5. 16, 6.
5:7² alibi.

aliisque 68, 7, 104. 3, 121,
18. 134, 27. 245, 15.
150, 20. 2154

alim-enta 161, 8, 195, 5

aimentts 184, 3

21102, 18. 6‚12. 22, 2.
31η- 43216· 67‚9.78,
3. 102,14. 104, 12. 126,
6. 103, 21. 112, 17.
121, 23. 141, 19. 143,
3. 184, 8. 229, 19

allomm 3, 15. 8, 10. 62,
6. 113. 12. 114,10. 134,
17. 160, 14. 208, 19.
210, 6

alios 14, 3. 22‚4, 10. 30,
15, 16, 20. 32, 12, <2⁶3²
alibi.

allquandiu 123, 14

aliquando 45, 6. 71, 13.
72, 6. 114, 1. 147, 16.
153, 16

aliquantam 175, 12

aliquanto 8, 3. 123,
126, ¹3· 135, 6

aliquantum 114, ¹3· 126,

2590211105 150, 22

aliquem 131, 2

2ῖίξοῑό 43, 17. 85, 5, 154,

aliquis 89, 5. 182, S. 233,
10

zllquo 3, 11

aliquos 146, 8

aliquot 20, 27. 84, 23.
136, 28. 193, 20. 200,
9. 208, 17

aliquotiens 171, 14

aiter 23, 7. 34, 25. 44,
10. 63, 6. 65, 18. 66,

16.

INDEX

6, 121, 17. 152, 20, ἐφ’
aliia*
alitur 220, 22
alium 6, ¹9· 19, 11. 22, 1.
- {3522 38’ ¹⁵· 4⁷’
aliudz, 18. 3, 12. 9, 15,
ὅθ’ alibi.
alius 6, 13, 18. 9, 19. 19,
20. 34, 15. 44, 12, &a
allatae 121, 4
allatas 23, 8.
allevati 140, 18
allicere 113, 1
Allobroges 33, 4, 13.
22. 35, 1.

121, 8

34,

38> 14

Allobrogibus 39, 4

Allobrogum 32, 15- 1352
13- 39, 9· 48> ¹5

Alpes 192, 20

Alpibus 277, 21

aLa 5, 19. 125, ¹4

Alter 52, 9. 70,21. 14 4
12. 187, 10

altera 33, 14. 15. 54, 3

alterae 113, 4

alteram 66, 13.

74› ι5·

139, 18
altercatio 229, 28

alteri 100, 3. 107, 28.

112, 11. 122, 8, 126,
3. 209, 10. 226, 9.
232, 13

altaris 77, 10
alterius 2, 9. 45, 11. 217,
26, 223. 17
altero 49, 16. 234,13
alteros 100, 3. 107, 28.
112, 18. 126‚4
alterum 1, 6. 2, 1, S. 63,
13. 67, 24. 99, 9. 167,
7⁷, 234, 12
altior 202, 5
altitudine 174,

*18. 192,

altitudinem 139, 22
altitudo 142, 4
altios 67, 1
almosque 61, 6
alto 216, 21

altores 200, 14
altus 115, 2

alveis 179, 6
alveos 76, 10

aluit 178, 12
aluntur 30, 10. 167,141.

²3¹> 4

alvum 196, r

amant 98, 1

amara 220, 25

amare 10, 2

amat 22, 12. 199, 25

Amazones 20¹, 4

ambire, 72, 2. 171, 20, 21

ambiti 174, 19

ambitio 5, 4. 9, 4, 11.
47, 1. 2,16. 51,8,1ο

ambitione 4, 10. 115,10.
¹77⁹ ²5

ambitionem 74, 8. 101, 22.
130,16. 135, 3. 1453
27. 203,10. 230,16

ambitiosum 116, 10

ambitiosus 230, 10

ambitur 204, 29

ambitus 158, 8

ambiundo 68, 11. 129, 3

ambo 153, 10

ambobus 122, 7. 127, 19.
153,12. 154, 25.155,8

amborum 143, 10

ambos ⁴80, 13· 190, 14

ambusti 202, 26

amens 224, 22

ament ¹134, 2

amentium 94, 23

amici 65, 12. 70,
4. 231, 13

amicior 65, 14

amicis 6, 17, 20. 13, 14.
63, 15. 64,19. 65, 6.
74) 10· 79, 9· 92, 23.
93, 12. 123, 3. 148, 15,
21· 155, 10, 17. 227, 11

εωῖείίῒυῑῃοε 65, 6

amicitia 17, 7. 40, 2., 61,
22, 63, 18. 64, 12. 69,
J, &aliha

amicitlae 82, 9.
227, 10

6. 229,

153, 16.

amicitia-que 128, 21

amicit'mm 12, 1. 61, 17.
64. 4, Sec.

amicitias 6, 22. 9, 6. 231,

²3

amicorum 20, 22. 21, 21.
491 ¹3· ¹47⁵ ²3· 223,
²4

amicos& 15. 68,4. 71,
2· 97‚9· ¹¹32 ’4' 147³
19. 191, 12

ειῐῃῖευὶο 175, 9

amicum 56, 2. 69, 5. 149,
6. 228, 0. 234‚5- :19

umxcus

